027 992456844
027 998074124
027 998074124
027 998037993
027 996330204
027 998393408
027 998844582
027 997905215
027 997443551
027 998087924
027 996059917
027 997905215
027 996086439
027 998482970
027 9927-5951
027 999007808
027 988801271
027 998945200
027 988801271
027 999658595
027 997160556
027 999784822
027 999784822
027 998893400
027 988801271
027 999051799
027 995139977
027 999174360
027 996051109
027 999770234
027 996272027
027 999431837
027 999509082
027 997035394
033 988218970
027 998136845
027 997360975
027 999364173
027 998234558
027 988531651
027 999162614
031 997735211
027 999420798
027 998299824
027 997394301
027 997035396
027 996344341
027 996560549
027 999666630
027 997485049
027 997321792
027 999194082
027 998089858
027 997245251
027 999053827
027 996061385
027 996153362
027 999135524
027 998820239
027 997533581
027 997641640
027 997641640
027 997641640
027 996156517
027 997616625
027 996994311
027 988649861
027 998164187
033 999231267
027 992935233
027 999836757
027 998378880
027 996361411
027 998317803
033 991103115
027 999125117
027 992588028
027 999431837
027 998393408
027 997316911
027 988801271
027 999704255
027 998039120
027 998693805
027 998218573
027 997628392
027 997628392
027 997742519
027 999491825
027 999259582
027 981690989
027 988136903
027 9999-4864
027 999253077
027 997782827
027 999949678
027 999759453
027 996894876
027 998282270
027 998173504
027 997092810
